VITE_FIREBASE_API_KEY=AIzaSyDppLXUfa3olFcZFMNHqId-2uO2GBX9xC8
VITE_FIREBASE_AUTH_DOMAIN=vto-realtime-data.firebaseapp.com
VITE_FIREBASE_PROJECT_ID=vto-realtime-data
VITE_FIREBASE_STORAGE_BUCKET=vto-realtime-data.firebasestorage.app
VITE_FIREBASE_MESSAGING_SENDER_ID=801503073493
VITE_FIREBASE_APP_ID=1:801503073493:web:ff5e0099a3c11b0fc93e5c

VITE_OPERATOR_ID=0.0.5999295
VITE_OPERATOR_KEY=302e020100300506032b6570042204201d239feb4d1ecff6be046e65449034785c00c515187c33768b92b5d3d3dd1f34
VITE_SOURCE_TOPIC_ID=0.0.5999297
VITE_TARGET_TOPIC_ID=0.0.5962822